Loaded MC_neutrino_2024_vm_metadata.csv         -> neutrino_2024_vm
Loaded MC_neutrino_2024_ve_metadata.csv         -> neutrino_2024_ve
Loaded MC_muon_up_metadata.csv                  -> muon_up
Loaded MC_kaon_FTFP_BERT_metadata.csv           -> kaon_FTFP_BERT
Loaded MC_neutron_FTFP_BERT_metadata.csv        -> neutron_FTFP_BERT

Full metadata summary after split_dataset=neutral_hadron
class                                               n_event        total_event     fraction    lumi_per_file_sum
------------------------------------------------------------------------------------------------------------------------
kaon_FTFP_BERT                                   23,820,769         23,820,769      100.00%     5,752,423.059503
    energy=(10, 20)                               1,986,000          1,986,000      100.00%        12,766.646853
    energy=(20, 30)                                 995,000            995,000      100.00%        42,891.148886
    energy=(30, 40)                                 996,000            996,000      100.00%       332,935.636364
    energy=(40, 50)                                 997,000            997,000      100.00%       390,828.251599
    energy=(5, 10)                               16,786,000         16,786,000      100.00%        24,590.486853
    energy=(50, 60)                                 490,000            490,000      100.00%       278,044.753086
    energy=(60, 70)                                 437,000            437,000      100.00%     1,623,079.797980
    energy=(70, 80)                                 358,341            358,341      100.00%       567,939.593534
    energy=(80, 90)                                 403,000            403,000      100.00%     1,288,548.695652
    energy=(90, 100)                                372,428            372,428      100.00%     1,190,798.048696
neutron_FTFP_BERT                                23,950,301         23,950,301      100.00%     6,180,776.754626
    energy=(10, 20)                               1,994,000          1,994,000      100.00%         9,659.997365
    energy=(20, 30)                                 997,000            997,000      100.00%        31,067.533898
    energy=(30, 40)                                 983,000            983,000      100.00%        68,197.943396
    energy=(40, 50)                                 989,000            989,000      100.00%        78,037.618026
    energy=(5, 10)                               16,523,000         16,523,000      100.00%        13,150.448268
    energy=(50, 60)                                 491,893            491,893      100.00%       695,650.215769
    energy=(60, 70)                                 490,000            490,000      100.00%     1,000,961.111111
    energy=(70, 80)                                 493,000            493,000      100.00%     2,137,689.858491
    energy=(80, 90)                                 495,000            495,000      100.00%     2,146,362.028302
    energy=(90, 100)                                494,408            494,408      100.00%             0.000000

Event summary by particle:
class                                               n_event        total_event     fraction    lumi_per_file_sum
------------------------------------------------------------------------------------------------------------------------
kaon                                             23,820,769         23,820,769      100.00%     5,752,423.059503
neutron                                          23,950,301         23,950,301      100.00%     6,180,776.754626

Selecting train split
------------------------------------------------------------------------------------------------------------------------
use fraction : 0.100
equal size   : True
equal target : 143,000
------------------------------------------------------------------------------------------------------------------------
group                                          available     base_target          target        selected  selected_files
------------------------------------------------------------------------------------------------------------------------
kaon_FTFP_BERT__(10, 20)                         794,000         143,000          14,300          14,000               7
kaon_FTFP_BERT__(20, 30)                         398,000         143,000          14,300          14,000              14
kaon_FTFP_BERT__(30, 40)                         398,000         143,000          14,300          14,000              14
kaon_FTFP_BERT__(40, 50)                         398,000         143,000          14,300          14,000              14
kaon_FTFP_BERT__(5, 10)                        6,732,000         143,000          14,300          15,000               3
kaon_FTFP_BERT__(50, 60)                         196,000         143,000          14,300          14,000              14
kaon_FTFP_BERT__(60, 70)                         174,000         143,000          14,300          14,000              14
kaon_FTFP_BERT__(70, 80)                         143,000         143,000          14,300          14,000              14
kaon_FTFP_BERT__(80, 90)                         161,000         143,000          14,300          14,000              14
kaon_FTFP_BERT__(90, 100)                        148,174         143,000          14,300          13,886              14
neutron_FTFP_BERT__(10, 20)                      796,000         143,000          14,300          14,000               7
neutron_FTFP_BERT__(20, 30)                      398,000         143,000          14,300          14,000              14
neutron_FTFP_BERT__(30, 40)                      393,000         143,000          14,300          14,000              14
neutron_FTFP_BERT__(40, 50)                      395,000         143,000          14,300          14,000              14
neutron_FTFP_BERT__(5, 10)                     6,554,000         143,000          14,300          12,000               3
neutron_FTFP_BERT__(50, 60)                      196,000         143,000          14,300          14,000              14
neutron_FTFP_BERT__(60, 70)                      196,000         143,000          14,300          14,000              14
neutron_FTFP_BERT__(70, 80)                      197,000         143,000          14,300          14,000              14
neutron_FTFP_BERT__(80, 90)                      198,000         143,000          14,300          14,000              14
neutron_FTFP_BERT__(90, 100)                     197,764         143,000          14,300          13,996              14

Selecting val split
------------------------------------------------------------------------------------------------------------------------
use fraction : 0.100
equal size   : True
equal target : 72,341
------------------------------------------------------------------------------------------------------------------------
group                                          available     base_target          target        selected  selected_files
------------------------------------------------------------------------------------------------------------------------
kaon_FTFP_BERT__(10, 20)                         398,000          72,341           7,234           8,000               4
kaon_FTFP_BERT__(20, 30)                         199,000          72,341           7,234           7,000               7
kaon_FTFP_BERT__(30, 40)                         200,000          72,341           7,234           7,000               7
kaon_FTFP_BERT__(40, 50)                         201,000          72,341           7,234           7,000               7
kaon_FTFP_BERT__(5, 10)                        3,430,000          72,341           7,234           7,000               2
kaon_FTFP_BERT__(50, 60)                          98,000          72,341           7,234           7,000               7
kaon_FTFP_BERT__(60, 70)                          89,000          72,341           7,234           7,000               7
kaon_FTFP_BERT__(70, 80)                          72,341          72,341           7,234           7,000               7
kaon_FTFP_BERT__(80, 90)                          81,000          72,341           7,234           7,000               7
kaon_FTFP_BERT__(90, 100)                         75,950          72,341           7,234           7,000               7
neutron_FTFP_BERT__(10, 20)                      402,000          72,341           7,234           8,000               4
neutron_FTFP_BERT__(20, 30)                      201,000          72,341           7,234           7,000               7
neutron_FTFP_BERT__(30, 40)                      197,000          72,341           7,234           7,000               7
neutron_FTFP_BERT__(40, 50)                      199,000          72,341           7,234           7,000               7
neutron_FTFP_BERT__(5, 10)                     3,337,000          72,341           7,234           7,000               2
neutron_FTFP_BERT__(50, 60)                      100,000          72,341           7,234           7,000               7
neutron_FTFP_BERT__(60, 70)                       98,000          72,341           7,234           7,000               7
neutron_FTFP_BERT__(70, 80)                       99,000          72,341           7,234           7,000               7
neutron_FTFP_BERT__(80, 90)                       99,000          72,341           7,234           7,000               7
neutron_FTFP_BERT__(90, 100)                      98,876          72,341           7,234           7,000               7

Selecting test split
------------------------------------------------------------------------------------------------------------------------
use fraction : 0.100
equal size   : True
equal target : 143,000
------------------------------------------------------------------------------------------------------------------------
group                                          available     base_target          target        selected  selected_files
------------------------------------------------------------------------------------------------------------------------
kaon_FTFP_BERT__(10, 20)                         794,000         143,000          14,300          14,000               7
kaon_FTFP_BERT__(20, 30)                         398,000         143,000          14,300          14,000              14
kaon_FTFP_BERT__(30, 40)                         398,000         143,000          14,300          14,000              14
kaon_FTFP_BERT__(40, 50)                         398,000         143,000          14,300          14,000              14
kaon_FTFP_BERT__(5, 10)                        6,624,000         143,000          14,300          12,000               3
kaon_FTFP_BERT__(50, 60)                         196,000         143,000          14,300          14,000              14
kaon_FTFP_BERT__(60, 70)                         174,000         143,000          14,300          14,000              14
kaon_FTFP_BERT__(70, 80)                         143,000         143,000          14,300          14,000              14
kaon_FTFP_BERT__(80, 90)                         161,000         143,000          14,300          14,000              14
kaon_FTFP_BERT__(90, 100)                        148,304         143,000          14,300          14,000              14
neutron_FTFP_BERT__(10, 20)                      796,000         143,000          14,300          14,000               7
neutron_FTFP_BERT__(20, 30)                      398,000         143,000          14,300          14,000              14
neutron_FTFP_BERT__(30, 40)                      393,000         143,000          14,300          14,000              14
neutron_FTFP_BERT__(40, 50)                      395,000         143,000          14,300          14,000              14
neutron_FTFP_BERT__(5, 10)                     6,632,000         143,000          14,300          12,000               3
neutron_FTFP_BERT__(50, 60)                      195,893         143,000          14,300          14,000              14
neutron_FTFP_BERT__(60, 70)                      196,000         143,000          14,300          14,000              14
neutron_FTFP_BERT__(70, 80)                      197,000         143,000          14,300          14,000              14
neutron_FTFP_BERT__(80, 90)                      198,000         143,000          14,300          14,000              14
neutron_FTFP_BERT__(90, 100)                     197,768         143,000          14,300          13,994              14

Selection overview
----------------------------------------------------------------------------------------------------
split              assigned_events    selected_events  selected/assigned  selected_files  assigned_files
----------------------------------------------------------------------------------------------------
train                   19,062,938            278,882              1.46%             244            8125
val                      9,675,167            142,000              1.47%             124            4082
test                    19,032,965            275,994              1.45%             244            8125

Actual training subset summary
class                                               n_event        total_event     fraction    lumi_per_file_sum
------------------------------------------------------------------------------------------------------------------------
kaon_FTFP_BERT                                      140,886         23,820,769        0.59%       182,176.704660
    energy=(10, 20)                                  14,000          1,986,000        0.70%            89.996503
    energy=(20, 30)                                  14,000            995,000        1.41%           603.493552
    energy=(30, 40)                                  14,000            996,000        1.41%         4,679.818182
    energy=(40, 50)                                  14,000            997,000        1.40%         5,488.059701
    energy=(5, 10)                                   15,000         16,786,000        0.09%            21.974104
    energy=(50, 60)                                  14,000            490,000        2.86%         7,944.135802
    energy=(60, 70)                                  14,000            437,000        3.20%        51,997.979798
    energy=(70, 80)                                  14,000            358,341        3.91%        22,188.793103
    energy=(80, 90)                                  14,000            403,000        3.47%        44,763.478261
    energy=(90, 100)                                 13,886            372,428        3.73%        44,398.975652
neutron_FTFP_BERT                                   137,996         23,950,301        0.58%       172,398.086486
    energy=(10, 20)                                  14,000          1,994,000        0.70%            67.823452
    energy=(20, 30)                                  14,000            997,000        1.40%           436.254237
    energy=(30, 40)                                  14,000            983,000        1.42%           971.283019
    energy=(40, 50)                                  14,000            989,000        1.42%         1,104.678112
    energy=(5, 10)                                   12,000         16,523,000        0.07%             9.550649
    energy=(50, 60)                                  14,000            491,893        2.85%        19,799.230769
    energy=(60, 70)                                  14,000            490,000        2.86%        28,598.888889
    energy=(70, 80)                                  14,000            493,000        2.84%        60,705.188679
    energy=(80, 90)                                  14,000            495,000        2.83%        60,705.188679
    energy=(90, 100)                                 13,996            494,408        2.83%             0.000000

Event summary by particle:
class                                               n_event        total_event     fraction    lumi_per_file_sum
------------------------------------------------------------------------------------------------------------------------
kaon                                                140,886         23,820,769        0.59%       182,176.704660
neutron                                             137,996         23,950,301        0.58%       172,398.086486

Actual validation subset summary
class                                               n_event        total_event     fraction    lumi_per_file_sum
------------------------------------------------------------------------------------------------------------------------
kaon_FTFP_BERT                                       71,000         23,820,769        0.30%        91,276.299486
    energy=(10, 20)                                   8,000          1,986,000        0.40%            51.426573
    energy=(20, 30)                                   7,000            995,000        0.70%           301.746776
    energy=(30, 40)                                   7,000            996,000        0.70%         2,339.909091
    energy=(40, 50)                                   7,000            997,000        0.70%         2,744.029851
    energy=(5, 10)                                    7,000         16,786,000        0.04%            10.254582
    energy=(50, 60)                                   7,000            490,000        1.43%         3,972.067901
    energy=(60, 70)                                   7,000            437,000        1.60%        25,998.989899
    energy=(70, 80)                                   7,000            358,341        1.95%        11,094.396552
    energy=(80, 90)                                   7,000            403,000        1.74%        22,381.739130
    energy=(90, 100)                                  7,000            372,428        1.88%        22,381.739130
neutron_FTFP_BERT                                    71,000         23,950,301        0.30%        86,204.683663
    energy=(10, 20)                                   8,000          1,994,000        0.40%            38.756258
    energy=(20, 30)                                   7,000            997,000        0.70%           218.127119
    energy=(30, 40)                                   7,000            983,000        0.71%           485.641509
    energy=(40, 50)                                   7,000            989,000        0.71%           552.339056
    energy=(5, 10)                                    7,000         16,523,000        0.04%             5.571212
    energy=(50, 60)                                   7,000            491,893        1.42%         9,899.615385
    energy=(60, 70)                                   7,000            490,000        1.43%        14,299.444444
    energy=(70, 80)                                   7,000            493,000        1.42%        30,352.594340
    energy=(80, 90)                                   7,000            495,000        1.41%        30,352.594340
    energy=(90, 100)                                  7,000            494,408        1.42%             0.000000

Event summary by particle:
class                                               n_event        total_event     fraction    lumi_per_file_sum
------------------------------------------------------------------------------------------------------------------------
kaon                                                 71,000         23,820,769        0.30%        91,276.299486
neutron                                              71,000         23,950,301        0.30%        86,204.683663

Actual test subset summary
class                                               n_event        total_event     fraction    lumi_per_file_sum
------------------------------------------------------------------------------------------------------------------------
kaon_FTFP_BERT                                      138,000         23,820,769        0.58%       182,536.812447
    energy=(10, 20)                                  14,000          1,986,000        0.70%            89.996503
    energy=(20, 30)                                  14,000            995,000        1.41%           603.493552
    energy=(30, 40)                                  14,000            996,000        1.41%         4,679.818182
    energy=(40, 50)                                  14,000            997,000        1.40%         5,488.059701
    energy=(5, 10)                                   12,000         16,786,000        0.07%            17.579283
    energy=(50, 60)                                  14,000            490,000        2.86%         7,944.135802
    energy=(60, 70)                                  14,000            437,000        3.20%        51,997.979798
    energy=(70, 80)                                  14,000            358,341        3.91%        22,188.793103
    energy=(80, 90)                                  14,000            403,000        3.47%        44,763.478261
    energy=(90, 100)                                 14,000            372,428        3.76%        44,763.478261
neutron_FTFP_BERT                                   137,994         23,950,301        0.58%       172,398.086486
    energy=(10, 20)                                  14,000          1,994,000        0.70%            67.823452
    energy=(20, 30)                                  14,000            997,000        1.40%           436.254237
    energy=(30, 40)                                  14,000            983,000        1.42%           971.283019
    energy=(40, 50)                                  14,000            989,000        1.42%         1,104.678112
    energy=(5, 10)                                   12,000         16,523,000        0.07%             9.550649
    energy=(50, 60)                                  14,000            491,893        2.85%        19,799.230769
    energy=(60, 70)                                  14,000            490,000        2.86%        28,598.888889
    energy=(70, 80)                                  14,000            493,000        2.84%        60,705.188679
    energy=(80, 90)                                  14,000            495,000        2.83%        60,705.188679
    energy=(90, 100)                                 13,994            494,408        2.83%             0.000000

Event summary by particle:
class                                               n_event        total_event     fraction    lumi_per_file_sum
------------------------------------------------------------------------------------------------------------------------
kaon                                                138,000         23,820,769        0.58%       182,536.812447
neutron                                             137,994         23,950,301        0.58%       172,398.086486

Saved selected metadata to: /afs/cern.ch/work/z/zhibin/snd-ml/snakemake/metadata/updated/Split_regression_v1_neutral_hadron.csv (612 rows / 20,332 total rows
